#Line 1
#Line 2
#Line 3
#Line 4
#Line 5
#Line 6
1.259437300E-02 2.962594000E+02 5.000000000E+01
3.778311600E-02 2.779415300E+02 5.000000000E+01
6.297186000E-02 2.535820500E+02 5.000000000E+01
8.816060400E-02 2.277895500E+02 5.000000000E+01
1.133493600E-01 2.154746900E+02 5.000000000E+01
1.385380900E-01 2.169067700E+02 5.000000000E+01
1.637268400E-01 2.156664400E+02 5.000000000E+01
1.889155800E-01 2.139340100E+02 5.000000000E+01
2.141043400E-01 2.180220600E+02 5.000000000E+01
2.392930800E-01 2.297764100E+02 5.000000000E+01
2.644818100E-01 2.536902900E+02 5.000000000E+01
2.896705600E-01 3.082746900E+02 5.000000000E+01
3.148593000E-01 4.133029800E+02 5.000000000E+01
3.400480400E-01 5.377938800E+02 5.000000000E+01
3.652367900E-01 7.246670500E+02 5.000000000E+01
3.904255300E-01 8.765001800E+02 5.000000000E+01
4.156143100E-01 1.039980000E+03 5.000000000E+01
4.408030500E-01 1.207120000E+03 5.000000000E+01
4.659918000E-01 1.327147200E+03 5.000000000E+01
4.911805400E-01 1.513420900E+03 5.000000000E+01
5.163692800E-01 1.673475100E+03 5.000000000E+01
5.415580300E-01 1.776797600E+03 5.000000000E+01
5.667467700E-01 1.861159300E+03 5.000000000E+01
5.919355200E-01 1.887064800E+03 5.000000000E+01
6.171242600E-01 1.908078400E+03 5.000000000E+01
6.423130000E-01 1.906749600E+03 5.000000000E+01
6.675017500E-01 1.894705200E+03 5.000000000E+01
6.926904900E-01 1.883852700E+03 5.000000000E+01
7.178792400E-01 1.863901400E+03 5.000000000E+01
7.430679800E-01 1.847700900E+03 5.000000000E+01
7.682567200E-01 1.827270300E+03 5.000000000E+01
7.934454700E-01 1.802806500E+03 5.000000000E+01
8.186342100E-01 1.769553200E+03 5.000000000E+01
8.438229600E-01 1.733132100E+03 5.000000000E+01
8.690117000E-01 1.704616000E+03 5.000000000E+01
8.942004400E-01 1.676856600E+03 5.000000000E+01
9.193891900E-01 1.652864700E+03 5.000000000E+01
9.445779300E-01 1.627092500E+03 5.000000000E+01
9.697666800E-01 1.598944200E+03 5.000000000E+01
9.949554200E-01 1.573107200E+03 5.000000000E+01
1.020144200E+00 1.550251500E+03 5.000000000E+01
1.045332900E+00 1.533295200E+03 5.000000000E+01
1.070521700E+00 1.516659400E+03 5.000000000E+01
1.095710400E+00 1.504081400E+03 5.000000000E+01
1.120899200E+00 1.490520000E+03 5.000000000E+01
1.146087900E+00 1.473597500E+03 5.000000000E+01
1.171276700E+00 1.459141800E+03 5.000000000E+01
1.196465400E+00 1.443409400E+03 5.000000000E+01
1.221654200E+00 1.434747300E+03 5.000000000E+01
1.246842900E+00 1.431220200E+03 5.000000000E+01
1.272031700E+00 1.425153700E+03 5.000000000E+01
1.297220300E+00 1.416955600E+03 5.000000000E+01
1.322409200E+00 1.407667700E+03 5.000000000E+01
1.347597800E+00 1.402124900E+03 5.000000000E+01
1.372786600E+00 1.396046000E+03 5.000000000E+01
1.397975300E+00 1.389880400E+03 5.000000000E+01
1.423164100E+00 1.385817100E+03 5.000000000E+01
1.448352800E+00 1.378496000E+03 5.000000000E+01
1.473541600E+00 1.373644200E+03 5.000000000E+01
1.498730300E+00 1.370204100E+03 5.000000000E+01
1.523919100E+00 1.367343900E+03 5.000000000E+01
1.549107800E+00 1.361563200E+03 5.000000000E+01
1.574296600E+00 1.346482100E+03 5.000000000E+01
1.599485300E+00 1.329512100E+03 5.000000000E+01
1.624674100E+00 1.312180400E+03 5.000000000E+01
1.649862800E+00 1.295395600E+03 5.000000000E+01
1.675051600E+00 1.284075400E+03 5.000000000E+01
1.700240300E+00 1.272364000E+03 5.000000000E+01
1.725429100E+00 1.259562000E+03 5.000000000E+01
1.750617700E+00 1.243018700E+03 5.000000000E+01
1.775806500E+00 1.227430800E+03 5.000000000E+01
1.800995200E+00 1.217099900E+03 5.000000000E+01
1.826184000E+00 1.208382800E+03 5.000000000E+01
1.851372700E+00 1.199182100E+03 5.000000000E+01
1.876561500E+00 1.187698200E+03 5.000000000E+01
1.901750200E+00 1.176849000E+03 5.000000000E+01
1.926939000E+00 1.168695900E+03 5.000000000E+01
1.952127700E+00 1.163782300E+03 5.000000000E+01
1.977316500E+00 1.160401400E+03 5.000000000E+01
2.002505300E+00 1.154928800E+03 5.000000000E+01
2.027694000E+00 1.150253500E+03 5.000000000E+01
2.052882700E+00 1.148211700E+03 5.000000000E+01
2.078071400E+00 1.144697900E+03 5.000000000E+01
2.103260300E+00 1.140557300E+03 5.000000000E+01
2.128449000E+00 1.134378500E+03 5.000000000E+01
2.153637600E+00 1.130672400E+03 5.000000000E+01
2.178826300E+00 1.124809200E+03 5.000000000E+01
2.204015300E+00 1.119332900E+03 5.000000000E+01
2.229203900E+00 1.116122400E+03 5.000000000E+01
2.254392600E+00 1.110042200E+03 5.000000000E+01
2.279581300E+00 1.103928500E+03 5.000000000E+01
2.304770200E+00 1.096193800E+03 5.000000000E+01
2.329958900E+00 1.088249400E+03 5.000000000E+01
2.355147600E+00 1.083930300E+03 5.000000000E+01
2.380336500E+00 1.080226400E+03 5.000000000E+01
2.405525200E+00 1.076627800E+03 5.000000000E+01
2.430713900E+00 1.071984500E+03 5.000000000E+01
2.455902600E+00 1.071643600E+03 5.000000000E+01
2.481091500E+00 1.069453500E+03 5.000000000E+01
2.506280200E+00 1.063140900E+03 5.000000000E+01
2.531468900E+00 1.060040600E+03 5.000000000E+01
2.556657600E+00 1.058825300E+03 5.000000000E+01
2.581846500E+00 1.059969200E+03 5.000000000E+01
2.607035200E+00 1.061188100E+03 5.000000000E+01
2.632223800E+00 1.061220900E+03 5.000000000E+01
2.657412500E+00 1.063566500E+03 5.000000000E+01
2.682601500E+00 1.062236800E+03 5.000000000E+01
2.707790100E+00 1.061553800E+03 5.000000000E+01
2.732978800E+00 1.061047000E+03 5.000000000E+01
2.758167500E+00 1.063403000E+03 5.000000000E+01
2.783356400E+00 1.068319500E+03 5.000000000E+01
2.808545100E+00 1.070142900E+03 5.000000000E+01
2.833733800E+00 1.073297700E+03 5.000000000E+01
2.858922500E+00 1.075376700E+03 5.000000000E+01
2.884111400E+00 1.078265400E+03 5.000000000E+01
2.909300100E+00 1.084316300E+03 5.000000000E+01
2.934488800E+00 1.090767600E+03 5.000000000E+01
2.959677500E+00 1.097485100E+03 5.000000000E+01
2.984866400E+00 1.103362500E+03 5.000000000E+01
3.010055100E+00 1.111802100E+03 5.000000000E+01
3.035243700E+00 1.119596400E+03 5.000000000E+01
3.060432400E+00 1.126691200E+03 5.000000000E+01
3.085621400E+00 1.136682400E+03 5.000000000E+01
3.110810000E+00 1.145524200E+03 5.000000000E+01
3.135998700E+00 1.156483000E+03 5.000000000E+01
3.161187400E+00 1.166802600E+03 5.000000000E+01
3.186376300E+00 1.177833900E+03 5.000000000E+01
3.211565000E+00 1.196601200E+03 5.000000000E+01
3.236753700E+00 1.215082300E+03 5.000000000E+01
3.261942400E+00 1.240375400E+03 5.000000000E+01
3.287131300E+00 1.275549100E+03 5.000000000E+01
3.312320000E+00 1.321314900E+03 5.000000000E+01
3.337508700E+00 1.390028400E+03 5.000000000E+01
3.362697400E+00 1.501669800E+03 5.000000000E+01
3.387886300E+00 1.740692500E+03 5.000000000E+01
3.413075000E+00 2.337110600E+03 5.000000000E+01
3.438263700E+00 4.212353500E+03 5.000000000E+01
3.463452300E+00 9.793605500E+03 5.000000000E+01
3.488641300E+00 1.968987100E+04 5.000000000E+01
3.513829900E+00 2.878751400E+04 5.000000000E+01
3.539018600E+00 3.225594900E+04 5.000000000E+01
3.564207300E+00 2.860091000E+04 5.000000000E+01
3.589396200E+00 1.939762100E+04 5.000000000E+01
3.614584900E+00 9.707867200E+03 5.000000000E+01
3.639773600E+00 4.139236300E+03 5.000000000E+01
3.664962300E+00 2.354554900E+03 5.000000000E+01
3.690151200E+00 1.763425800E+03 5.000000000E+01
3.715339900E+00 1.540485700E+03 5.000000000E+01
3.740528600E+00 1.433895000E+03 5.000000000E+01
3.765717300E+00 1.374286300E+03 5.000000000E+01
3.790906200E+00 1.338712800E+03 5.000000000E+01
3.816094900E+00 1.317160900E+03 5.000000000E+01
3.841283600E+00 1.308414600E+03 5.000000000E+01
3.866472200E+00 1.312682000E+03 5.000000000E+01
3.891661200E+00 1.335267000E+03 5.000000000E+01
3.916849900E+00 1.390662100E+03 5.000000000E+01
3.942038500E+00 1.539155500E+03 5.000000000E+01
3.967227500E+00 1.946185700E+03 5.000000000E+01
3.992416100E+00 3.200890400E+03 5.000000000E+01
4.017604800E+00 6.465667500E+03 5.000000000E+01
4.042793800E+00 1.123030000E+04 5.000000000E+01
4.067982200E+00 1.479882300E+04 5.000000000E+01
4.093171100E+00 1.558919400E+04 5.000000000E+01
4.118360000E+00 1.309823100E+04 5.000000000E+01
4.143548500E+00 8.425220700E+03 5.000000000E+01
4.168737400E+00 4.315443800E+03 5.000000000E+01
4.193925900E+00 2.226964600E+03 5.000000000E+01
4.219114800E+00 1.529937400E+03 5.000000000E+01
4.244303700E+00 1.283173500E+03 5.000000000E+01
4.269492100E+00 1.177034700E+03 5.000000000E+01
4.294681100E+00 1.121027800E+03 5.000000000E+01
4.319870000E+00 1.086775500E+03 5.000000000E+01
4.345058400E+00 1.061357100E+03 5.000000000E+01
4.370247400E+00 1.044614000E+03 5.000000000E+01
4.395435800E+00 1.030373800E+03 5.000000000E+01
4.420624700E+00 1.014415200E+03 5.000000000E+01
4.445813700E+00 1.002654100E+03 5.000000000E+01
4.471002100E+00 9.920454100E+02 5.000000000E+01
4.496191000E+00 9.829517200E+02 5.000000000E+01
4.521379900E+00 9.758441200E+02 5.000000000E+01
4.546568400E+00 9.679994500E+02 5.000000000E+01
4.571757300E+00 9.622478000E+02 5.000000000E+01
4.596945800E+00 9.543125600E+02 5.000000000E+01
4.622134700E+00 9.477523800E+02 5.000000000E+01
4.647323600E+00 9.390520600E+02 5.000000000E+01
4.672512100E+00 9.311201200E+02 5.000000000E+01
4.697701000E+00 9.276580800E+02 5.000000000E+01
4.722889900E+00 9.212451800E+02 5.000000000E+01
4.748078300E+00 9.189664900E+02 5.000000000E+01
4.773267300E+00 9.164648400E+02 5.000000000E+01
4.798455700E+00 9.119596600E+02 5.000000000E+01
4.823644600E+00 9.096973300E+02 5.000000000E+01
4.848833600E+00 9.069293800E+02 5.000000000E+01
4.874022000E+00 9.051345800E+02 5.000000000E+01
4.899210900E+00 9.025016500E+02 5.000000000E+01
4.924399900E+00 8.983363000E+02 5.000000000E+01
4.949588300E+00 8.940131800E+02 5.000000000E+01
4.974777200E+00 8.889147900E+02 5.000000000E+01
4.999965700E+00 8.885376600E+02 5.000000000E+01
5.025154600E+00 8.862984000E+02 5.000000000E+01
5.050343500E+00 8.847468900E+02 5.000000000E+01
5.075532000E+00 8.864133900E+02 5.000000000E+01
5.100720900E+00 8.839477500E+02 5.000000000E+01
5.125909800E+00 8.836510000E+02 5.000000000E+01
5.151098300E+00 8.823613300E+02 5.000000000E+01
5.176287200E+00 8.814176600E+02 5.000000000E+01
5.201475600E+00 8.829593500E+02 5.000000000E+01
5.226664500E+00 8.819273700E+02 5.000000000E+01
5.251853500E+00 8.834390900E+02 5.000000000E+01
5.277041900E+00 8.841636400E+02 5.000000000E+01
5.302230800E+00 8.860549900E+02 5.000000000E+01
5.327419800E+00 8.892976700E+02 5.000000000E+01
5.352608200E+00 8.896825600E+02 5.000000000E+01
5.377797100E+00 8.927079500E+02 5.000000000E+01
5.402985600E+00 8.940623200E+02 5.000000000E+01
5.428174500E+00 8.970134300E+02 5.000000000E+01
5.453363400E+00 9.030642100E+02 5.000000000E+01
5.478551900E+00 9.089983500E+02 5.000000000E+01
5.503740800E+00 9.200901500E+02 5.000000000E+01
5.528929700E+00 9.325234400E+02 5.000000000E+01
5.554118200E+00 9.483123800E+02 5.000000000E+01
5.579307100E+00 9.705689700E+02 5.000000000E+01
5.604496000E+00 1.008485700E+03 5.000000000E+01
5.629684400E+00 1.091414400E+03 5.000000000E+01
5.654873400E+00 1.290177700E+03 5.000000000E+01
5.680061800E+00 1.901458400E+03 5.000000000E+01
5.705250700E+00 3.529054900E+03 5.000000000E+01
5.730439700E+00 6.379304700E+03 5.000000000E+01
5.755628100E+00 8.969854500E+03 5.000000000E+01
5.780817000E+00 9.936212900E+03 5.000000000E+01
5.806006000E+00 8.924130900E+03 5.000000000E+01
5.831194400E+00 6.312236800E+03 5.000000000E+01
5.856383300E+00 3.531221200E+03 5.000000000E+01
5.881571800E+00 1.883921300E+03 5.000000000E+01
5.906760700E+00 1.296047100E+03 5.000000000E+01
5.931949600E+00 1.094565300E+03 5.000000000E+01
5.957138100E+00 1.014433600E+03 5.000000000E+01
5.982327000E+00 9.748048700E+02 5.000000000E+01
6.007515900E+00 9.524862700E+02 5.000000000E+01
6.032704400E+00 9.354428700E+02 5.000000000E+01
6.057893300E+00 9.259641700E+02 5.000000000E+01
6.083081700E+00 9.177499400E+02 5.000000000E+01
6.108270600E+00 9.099132700E+02 5.000000000E+01
6.133459600E+00 9.054645400E+02 5.000000000E+01
6.158648000E+00 8.991751700E+02 5.000000000E+01
6.183836900E+00 8.959037500E+02 5.000000000E+01
6.209025900E+00 8.946083400E+02 5.000000000E+01
6.234214300E+00 8.933598000E+02 5.000000000E+01
6.259403200E+00 8.928387500E+02 5.000000000E+01
6.284591700E+00 8.908731700E+02 5.000000000E+01
6.309780600E+00 8.909119900E+02 5.000000000E+01
6.334969500E+00 8.917393200E+02 5.000000000E+01
6.360158000E+00 8.946727900E+02 5.000000000E+01
6.385346900E+00 8.976155400E+02 5.000000000E+01
6.410535800E+00 8.979865100E+02 5.000000000E+01
6.435724300E+00 9.019475100E+02 5.000000000E+01
6.460913200E+00 9.063136600E+02 5.000000000E+01
6.486101600E+00 9.123538800E+02 5.000000000E+01
6.511290600E+00 9.226218900E+02 5.000000000E+01
6.536479500E+00 9.352601300E+02 5.000000000E+01
6.561667900E+00 9.557015400E+02 5.000000000E+01
6.586856800E+00 9.863851900E+02 5.000000000E+01
6.612045800E+00 1.043438100E+03 5.000000000E+01
6.637234200E+00 1.170995100E+03 5.000000000E+01
6.662423100E+00 1.506176000E+03 5.000000000E+01
6.687611600E+00 2.505747800E+03 5.000000000E+01
6.712800500E+00 4.743356000E+03 5.000000000E+01
6.737989400E+00 7.950444300E+03 5.000000000E+01
6.763177900E+00 1.019502900E+04 5.000000000E+01
6.788366800E+00 1.044347200E+04 5.000000000E+01
6.813555700E+00 8.707121100E+03 5.000000000E+01
6.838744200E+00 5.619315400E+03 5.000000000E+01
6.863933100E+00 3.017379200E+03 5.000000000E+01
6.889121500E+00 1.694237200E+03 5.000000000E+01
6.914310500E+00 1.249403700E+03 5.000000000E+01
6.939499400E+00 1.115165800E+03 5.000000000E+01
6.964687800E+00 1.134014200E+03 5.000000000E+01
6.989876700E+00 1.365272700E+03 5.000000000E+01
7.015065700E+00 1.979629000E+03 5.000000000E+01
7.040254100E+00 2.870358400E+03 5.000000000E+01
7.065443000E+00 3.480258100E+03 5.000000000E+01
7.090632000E+00 3.550415500E+03 5.000000000E+01
7.115820400E+00 3.024536400E+03 5.000000000E+01
7.141009300E+00 2.141550000E+03 5.000000000E+01
7.166197800E+00 1.398738800E+03 5.000000000E+01
7.191386700E+00 1.027902100E+03 5.000000000E+01
7.216575600E+00 8.982189300E+02 5.000000000E+01
7.241764100E+00 8.474851700E+02 5.000000000E+01
7.266953000E+00 8.228411900E+02 5.000000000E+01
7.292141900E+00 8.067912600E+02 5.000000000E+01
7.317330400E+00 7.960819700E+02 5.000000000E+01
7.342519300E+00 7.852321200E+02 5.000000000E+01
7.367707700E+00 7.756549700E+02 5.000000000E+01
7.392896700E+00 7.683367900E+02 5.000000000E+01
7.418085600E+00 7.612227200E+02 5.000000000E+01
7.443274000E+00 7.561187100E+02 5.000000000E+01
7.468462900E+00 7.511825600E+02 5.000000000E+01
7.493651900E+00 7.467044700E+02 5.000000000E+01
7.518840300E+00 7.422136200E+02 5.000000000E+01
7.544029200E+00 7.368802500E+02 5.000000000E+01
7.569217700E+00 7.328073100E+02 5.000000000E+01
7.594406600E+00 7.280383900E+02 5.000000000E+01
7.619595500E+00 7.237233900E+02 5.000000000E+01
7.644784000E+00 7.204661900E+02 5.000000000E+01
7.669972900E+00 7.163640700E+02 5.000000000E+01
7.695161800E+00 7.142000700E+02 5.000000000E+01
7.720350300E+00 7.119251700E+02 5.000000000E+01
7.745539200E+00 7.094973100E+02 5.000000000E+01
7.770727600E+00 7.069272500E+02 5.000000000E+01
7.795916600E+00 7.033762200E+02 5.000000000E+01
7.821105500E+00 7.015078700E+02 5.000000000E+01
7.846293900E+00 7.001091900E+02 5.000000000E+01
7.871482800E+00 6.989740600E+02 5.000000000E+01
7.896671800E+00 6.994913900E+02 5.000000000E+01
7.921860200E+00 6.995387600E+02 5.000000000E+01
7.947049100E+00 7.001296400E+02 5.000000000E+01
7.972237600E+00 7.017089800E+02 5.000000000E+01
7.997426500E+00 7.054000200E+02 5.000000000E+01
8.022615400E+00 7.146719400E+02 5.000000000E+01
8.047803900E+00 7.380028100E+02 5.000000000E+01
8.072992300E+00 8.078911700E+02 5.000000000E+01
8.098181700E+00 9.770678100E+02 5.000000000E+01
8.123370200E+00 1.283918700E+03 5.000000000E+01
8.148558600E+00 1.597462300E+03 5.000000000E+01
8.173748000E+00 1.752941000E+03 5.000000000E+01
8.198936500E+00 1.679396900E+03 5.000000000E+01
8.224124900E+00 1.410755500E+03 5.000000000E+01
8.249314300E+00 1.085166900E+03 5.000000000E+01
8.274502800E+00 8.550018300E+02 5.000000000E+01
8.299691200E+00 7.527921800E+02 5.000000000E+01
8.324880600E+00 7.143335600E+02 5.000000000E+01
8.350069000E+00 6.997323600E+02 5.000000000E+01
8.375257500E+00 6.938549800E+02 5.000000000E+01
8.400446900E+00 6.916624800E+02 5.000000000E+01
8.425635300E+00 6.901233500E+02 5.000000000E+01
8.450823800E+00 6.900571300E+02 5.000000000E+01
8.476012200E+00 6.906846900E+02 5.000000000E+01
8.501201600E+00 6.914627700E+02 5.000000000E+01
8.526390100E+00 6.926686400E+02 5.000000000E+01
8.551578500E+00 6.940546900E+02 5.000000000E+01
8.576767900E+00 6.971655300E+02 5.000000000E+01
8.601956400E+00 7.008266600E+02 5.000000000E+01
8.627144800E+00 7.054131500E+02 5.000000000E+01
8.652334200E+00 7.119503800E+02 5.000000000E+01
8.677522700E+00 7.184265700E+02 5.000000000E+01
8.702711100E+00 7.286082800E+02 5.000000000E+01
8.727900500E+00 7.436280500E+02 5.000000000E+01
8.753089000E+00 7.689694200E+02 5.000000000E+01
8.778277400E+00 8.267191200E+02 5.000000000E+01
8.803466800E+00 9.749245600E+02 5.000000000E+01
8.828655200E+00 1.378510100E+03 5.000000000E+01
8.853843700E+00 2.169289800E+03 5.000000000E+01
8.879033100E+00 3.126846900E+03 5.000000000E+01
8.904221500E+00 3.679689500E+03 5.000000000E+01
8.929410000E+00 3.618567400E+03 5.000000000E+01
8.954598400E+00 2.955265400E+03 5.000000000E+01
8.979787800E+00 2.023989900E+03 5.000000000E+01
9.004976300E+00 1.362984900E+03 5.000000000E+01
9.030164700E+00 1.139564300E+03 5.000000000E+01
9.055354100E+00 1.313861600E+03 5.000000000E+01
9.080542600E+00 1.906431600E+03 5.000000000E+01
9.105731000E+00 2.709360600E+03 5.000000000E+01
9.130920400E+00 3.290430400E+03 5.000000000E+01
9.156108900E+00 3.325856700E+03 5.000000000E+01
9.181297300E+00 2.833958700E+03 5.000000000E+01
9.206486700E+00 2.018376500E+03 5.000000000E+01
9.231675100E+00 1.307003300E+03 5.000000000E+01
9.256863600E+00 9.431958000E+02 5.000000000E+01
9.282053000E+00 7.983236700E+02 5.000000000E+01
9.307241400E+00 7.430800200E+02 5.000000000E+01
9.332429900E+00 7.169894400E+02 5.000000000E+01
9.357618300E+00 7.023416700E+02 5.000000000E+01
9.382807700E+00 6.913029800E+02 5.000000000E+01
9.407996200E+00 6.827434100E+02 5.000000000E+01
9.433184600E+00 6.764704600E+02 5.000000000E+01
9.458374000E+00 6.705401000E+02 5.000000000E+01
9.483562500E+00 6.660396100E+02 5.000000000E+01
9.508750900E+00 6.621149300E+02 5.000000000E+01
9.533940300E+00 6.590400400E+02 5.000000000E+01
9.559128800E+00 6.574980500E+02 5.000000000E+01
9.584317200E+00 6.561346400E+02 5.000000000E+01
9.609506600E+00 6.539411000E+02 5.000000000E+01
9.634695100E+00 6.508629800E+02 5.000000000E+01
9.659883500E+00 6.493317300E+02 5.000000000E+01
9.685072900E+00 6.491191400E+02 5.000000000E+01
9.710261300E+00 6.487910200E+02 5.000000000E+01
9.735449800E+00 6.495835000E+02 5.000000000E+01
9.760638200E+00 6.509121100E+02 5.000000000E+01
9.785827600E+00 6.540900300E+02 5.000000000E+01
9.811016100E+00 6.587903400E+02 5.000000000E+01
9.836204500E+00 6.661160300E+02 5.000000000E+01
9.861393900E+00 6.827578700E+02 5.000000000E+01
9.886582400E+00 7.183657200E+02 5.000000000E+01
9.911770800E+00 8.129042400E+02 5.000000000E+01
9.936960200E+00 1.055776100E+03 5.000000000E+01
9.962148700E+00 1.518387800E+03 5.000000000E+01
9.987337100E+00 2.057095500E+03 5.000000000E+01
1.001252700E+01 2.372905000E+03 5.000000000E+01
1.003771500E+01 2.298628200E+03 5.000000000E+01
1.006290300E+01 1.908715300E+03 5.000000000E+01
1.008809300E+01 1.365300400E+03 5.000000000E+01
1.011328100E+01 9.582647700E+02 5.000000000E+01
1.013847000E+01 7.635392500E+02 5.000000000E+01
1.016365800E+01 6.914841300E+02 5.000000000E+01
1.018884800E+01 6.625599400E+02 5.000000000E+01
1.021403600E+01 6.483287400E+02 5.000000000E+01
1.023922400E+01 6.404861500E+02 5.000000000E+01
1.026441400E+01 6.357904100E+02 5.000000000E+01
1.028960200E+01 6.320749500E+02 5.000000000E+01
1.031479100E+01 6.294845000E+02 5.000000000E+01
1.033998000E+01 6.283780500E+02 5.000000000E+01
1.036516900E+01 6.278823200E+02 5.000000000E+01
1.039035700E+01 6.290655500E+02 5.000000000E+01
1.041554600E+01 6.315333300E+02 5.000000000E+01
1.044073500E+01 6.375022000E+02 5.000000000E+01
1.046592300E+01 6.504255400E+02 5.000000000E+01
1.049111300E+01 6.817070300E+02 5.000000000E+01
1.051630100E+01 7.654651500E+02 5.000000000E+01
1.054149000E+01 9.768250100E+02 5.000000000E+01
1.056667900E+01 1.404823600E+03 5.000000000E+01
1.059186700E+01 1.933564900E+03 5.000000000E+01
1.061705600E+01 2.292270500E+03 5.000000000E+01
1.064224400E+01 2.307998500E+03 5.000000000E+01
1.066743400E+01 1.970505200E+03 5.000000000E+01
1.069262200E+01 1.448705200E+03 5.000000000E+01
1.071781100E+01 9.991864600E+02 5.000000000E+01
1.074300000E+01 7.638554700E+02 5.000000000E+01
1.076818800E+01 6.653938000E+02 5.000000000E+01
1.079337700E+01 6.264349400E+02 5.000000000E+01
1.081856600E+01 6.079883400E+02 5.000000000E+01
1.084375500E+01 5.976197500E+02 5.000000000E+01
1.086894300E+01 5.901568600E+02 5.000000000E+01
1.089413300E+01 5.845394300E+02 5.000000000E+01
1.091932100E+01 5.801206100E+02 5.000000000E+01
1.094451000E+01 5.769516600E+02 5.000000000E+01
1.096969900E+01 5.750149500E+02 5.000000000E+01
1.099488700E+01 5.716855500E+02 5.000000000E+01
1.102007600E+01 5.694602100E+02 5.000000000E+01
1.104526400E+01 5.679091200E+02 5.000000000E+01
1.107045400E+01 5.656967800E+02 5.000000000E+01
1.109564200E+01 5.644541600E+02 5.000000000E+01
1.112083100E+01 5.635466300E+02 5.000000000E+01
1.114602000E+01 5.623919700E+02 5.000000000E+01
1.117120800E+01 5.615805100E+02 5.000000000E+01
1.119639700E+01 5.602733800E+02 5.000000000E+01
1.122158600E+01 5.592639800E+02 5.000000000E+01
1.124677500E+01 5.590982100E+02 5.000000000E+01
1.127196300E+01 5.591590600E+02 5.000000000E+01
1.129715300E+01 5.593858600E+02 5.000000000E+01
1.132234100E+01 5.588516800E+02 5.000000000E+01
1.134752900E+01 5.599791900E+02 5.000000000E+01
1.137271900E+01 5.626688800E+02 5.000000000E+01
1.139790700E+01 5.663757900E+02 5.000000000E+01
1.142309600E+01 5.723583400E+02 5.000000000E+01
1.144828400E+01 5.850093400E+02 5.000000000E+01
1.147347400E+01 6.187021500E+02 5.000000000E+01
1.149866200E+01 6.963892200E+02 5.000000000E+01
1.152385000E+01 8.250644500E+02 5.000000000E+01
1.154904000E+01 9.505610400E+02 5.000000000E+01
1.157422800E+01 1.010223600E+03 5.000000000E+01
1.159941700E+01 9.711668100E+02 5.000000000E+01
1.162460600E+01 8.599768700E+02 5.000000000E+01
1.164979500E+01 7.277804000E+02 5.000000000E+01
1.167498300E+01 6.394309100E+02 5.000000000E+01
1.170017200E+01 6.005967400E+02 5.000000000E+01
1.172536100E+01 5.865382700E+02 5.000000000E+01
1.175054900E+01 5.816097400E+02 5.000000000E+01
1.177573900E+01 5.808288600E+02 5.000000000E+01
1.180092700E+01 5.816732200E+02 5.000000000E+01
1.182611600E+01 5.839061300E+02 5.000000000E+01
1.185130500E+01 5.864223600E+02 5.000000000E+01
1.187649300E+01 5.907565900E+02 5.000000000E+01
1.190168200E+01 5.978729200E+02 5.000000000E+01
1.192687000E+01 6.080919200E+02 5.000000000E+01
1.195206000E+01 6.262966900E+02 5.000000000E+01
1.197724800E+01 6.655315600E+02 5.000000000E+01
1.200243700E+01 7.661203000E+02 5.000000000E+01
1.202762600E+01 9.931196900E+02 5.000000000E+01
1.205281400E+01 1.390696300E+03 5.000000000E+01
1.207800300E+01 1.809759500E+03 5.000000000E+01
1.210319200E+01 2.041516100E+03 5.000000000E+01
1.212838100E+01 1.965318200E+03 5.000000000E+01
1.215356900E+01 1.656997100E+03 5.000000000E+01
1.217875900E+01 1.293336400E+03 5.000000000E+01
1.220394700E+01 1.125561800E+03 5.000000000E+01
1.222913600E+01 1.208631300E+03 5.000000000E+01
1.225432500E+01 1.384400900E+03 5.000000000E+01
1.227951300E+01 1.462398700E+03 5.000000000E+01
1.230470200E+01 1.372958100E+03 5.000000000E+01
1.232989000E+01 1.149874600E+03 5.000000000E+01
1.235508000E+01 8.954209000E+02 5.000000000E+01
1.238026800E+01 7.234969500E+02 5.000000000E+01
1.240545700E+01 6.397589100E+02 5.000000000E+01
1.243064600E+01 6.054467200E+02 5.000000000E+01
1.245583400E+01 5.887979700E+02 5.000000000E+01
1.248102300E+01 5.793099400E+02 5.000000000E+01
1.250621200E+01 5.726978100E+02 5.000000000E+01
1.253140100E+01 5.680707400E+02 5.000000000E+01
1.255658900E+01 5.648474100E+02 5.000000000E+01
1.258177900E+01 5.617046500E+02 5.000000000E+01
1.260696700E+01 5.585905800E+02 5.000000000E+01
1.263215500E+01 5.567917500E+02 5.000000000E+01
1.265734500E+01 5.556500200E+02 5.000000000E+01
1.268253300E+01 5.546509400E+02 5.000000000E+01
1.270772200E+01 5.540357700E+02 5.000000000E+01
1.273291000E+01 5.532636700E+02 5.000000000E+01
1.275810000E+01 5.539755200E+02 5.000000000E+01
1.278328800E+01 5.582144800E+02 5.000000000E+01
1.280847600E+01 5.688036500E+02 5.000000000E+01
1.283366600E+01 5.953925800E+02 5.000000000E+01
1.285885400E+01 6.598602300E+02 5.000000000E+01
1.288404300E+01 7.774906600E+02 5.000000000E+01
1.290923200E+01 9.262526900E+02 5.000000000E+01
1.293442100E+01 1.027232300E+03 5.000000000E+01
1.295960900E+01 1.035343800E+03 5.000000000E+01
1.298479800E+01 9.414768700E+02 5.000000000E+01
1.300998700E+01 7.979796100E+02 5.000000000E+01
1.303517500E+01 6.700480300E+02 5.000000000E+01
1.306036500E+01 5.956330000E+02 5.000000000E+01
1.308555300E+01 5.620026200E+02 5.000000000E+01
1.311074200E+01 5.480355800E+02 5.000000000E+01
1.313593000E+01 5.417337000E+02 5.000000000E+01
1.316111900E+01 5.387234500E+02 5.000000000E+01
1.318630800E+01 5.374607500E+02 5.000000000E+01
1.321149600E+01 5.380968600E+02 5.000000000E+01
1.323668600E+01 5.391044900E+02 5.000000000E+01
1.326187400E+01 5.425683000E+02 5.000000000E+01
1.328706300E+01 5.516444700E+02 5.000000000E+01
1.331225200E+01 5.730419900E+02 5.000000000E+01
1.333744000E+01 6.271823700E+02 5.000000000E+01
1.336262900E+01 7.310655500E+02 5.000000000E+01
1.338781800E+01 8.656322600E+02 5.000000000E+01
1.341300700E+01 9.658528400E+02 5.000000000E+01
1.343819500E+01 9.822021500E+02 5.000000000E+01
1.346338500E+01 9.197621500E+02 5.000000000E+01
1.348857300E+01 8.319619800E+02 5.000000000E+01
1.351376200E+01 8.058529100E+02 5.000000000E+01
1.353895100E+01 8.594500100E+02 5.000000000E+01
1.356413900E+01 9.299356700E+02 5.000000000E+01
1.358932800E+01 9.390707400E+02 5.000000000E+01
1.361451600E+01 8.761654100E+02 5.000000000E+01
1.363970600E+01 7.591583900E+02 5.000000000E+01
1.366489400E+01 6.473704800E+02 5.000000000E+01
1.369008300E+01 5.763549800E+02 5.000000000E+01
1.371527200E+01 5.426411700E+02 5.000000000E+01
1.374046000E+01 5.277810100E+02 5.000000000E+01
1.376564900E+01 5.208953900E+02 5.000000000E+01
1.379083800E+01 5.167854600E+02 5.000000000E+01
1.381602700E+01 5.135197100E+02 5.000000000E+01
1.384121500E+01 5.107186000E+02 5.000000000E+01
1.386640500E+01 5.095118400E+02 5.000000000E+01
1.389159300E+01 5.085551800E+02 5.000000000E+01
1.391678100E+01 5.068017600E+02 5.000000000E+01
1.394197100E+01 5.055298500E+02 5.000000000E+01
1.396715900E+01 5.058032800E+02 5.000000000E+01
1.399234800E+01 5.057643100E+02 5.000000000E+01
1.401753600E+01 5.055237700E+02 5.000000000E+01
1.404272600E+01 5.064547100E+02 5.000000000E+01
1.406791400E+01 5.109756800E+02 5.000000000E+01
1.409310200E+01 5.217855200E+02 5.000000000E+01
1.411829200E+01 5.440200200E+02 5.000000000E+01
1.414348000E+01 5.782898600E+02 5.000000000E+01
1.416866900E+01 6.096802400E+02 5.000000000E+01
1.419385800E+01 6.187264400E+02 5.000000000E+01
1.421904700E+01 6.048222700E+02 5.000000000E+01
1.424423500E+01 5.735758100E+02 5.000000000E+01
1.426942400E+01 5.426975700E+02 5.000000000E+01
1.429461300E+01 5.229620400E+02 5.000000000E+01
1.431980100E+01 5.150645800E+02 5.000000000E+01
1.434499100E+01 5.133686500E+02 5.000000000E+01
1.437017900E+01 5.136303700E+02 5.000000000E+01
1.439536800E+01 5.146743200E+02 5.000000000E+01
1.442055600E+01 5.173985600E+02 5.000000000E+01
1.444574500E+01 5.223353900E+02 5.000000000E+01
1.447093400E+01 5.315676900E+02 5.000000000E+01
1.449612200E+01 5.498405800E+02 5.000000000E+01
1.452131200E+01 5.914110700E+02 5.000000000E+01
1.454650000E+01 6.811149900E+02 5.000000000E+01
1.457168900E+01 8.278803100E+02 5.000000000E+01
1.459687800E+01 9.924967000E+02 5.000000000E+01
1.462206600E+01 1.091963600E+03 5.000000000E+01
1.464725500E+01 1.084158700E+03 5.000000000E+01
1.467244400E+01 9.848114000E+02 5.000000000E+01
1.469763300E+01 8.735595100E+02 5.000000000E+01
1.472282100E+01 8.217206400E+02 5.000000000E+01
1.474801100E+01 8.224138800E+02 5.000000000E+01
1.477319900E+01 8.218431400E+02 5.000000000E+01
1.479838800E+01 7.812396200E+02 5.000000000E+01
1.482357600E+01 7.065061600E+02 5.000000000E+01
1.484876500E+01 6.246228600E+02 5.000000000E+01
1.487395400E+01 5.689331700E+02 5.000000000E+01
1.489914200E+01 5.415969800E+02 5.000000000E+01
1.492433200E+01 5.289989600E+02 5.000000000E+01
1.494952000E+01 5.223092000E+02 5.000000000E+01
1.497470900E+01 5.194154100E+02 5.000000000E+01
1.499989800E+01 5.178609600E+02 5.000000000E+01
1.502508600E+01 5.168366100E+02 5.000000000E+01
1.505027500E+01 5.162674000E+02 5.000000000E+01
1.507546400E+01 5.171713300E+02 5.000000000E+01
1.510065300E+01 5.183034700E+02 5.000000000E+01
1.512584100E+01 5.196823700E+02 5.000000000E+01
1.515103100E+01 5.226528900E+02 5.000000000E+01
1.517621900E+01 5.281270100E+02 5.000000000E+01
1.520140700E+01 5.414359100E+02 5.000000000E+01
1.522659700E+01 5.747008100E+02 5.000000000E+01
1.525178500E+01 6.451248800E+02 5.000000000E+01
1.527697400E+01 7.655361300E+02 5.000000000E+01
1.530216200E+01 8.949320700E+02 5.000000000E+01
1.532735200E+01 9.730680500E+02 5.000000000E+01
1.535254000E+01 9.534174200E+02 5.000000000E+01
1.537772800E+01 8.549270600E+02 5.000000000E+01
1.540291800E+01 7.217147200E+02 5.000000000E+01
1.542810600E+01 6.203057900E+02 5.000000000E+01
1.545329500E+01 5.652186300E+02 5.000000000E+01
1.547848400E+01 5.418551000E+02 5.000000000E+01
1.550367300E+01 5.326510000E+02 5.000000000E+01
1.552886100E+01 5.300764800E+02 5.000000000E+01
1.555405000E+01 5.303650500E+02 5.000000000E+01
1.557923900E+01 5.359389600E+02 5.000000000E+01
1.560442700E+01 5.506642500E+02 5.000000000E+01
1.562961700E+01 5.870399800E+02 5.000000000E+01
1.565480500E+01 6.672334600E+02 5.000000000E+01
1.567999400E+01 8.078878800E+02 5.000000000E+01
1.570518200E+01 9.754757700E+02 5.000000000E+01
1.573037100E+01 1.088999800E+03 5.000000000E+01
1.575556000E+01 1.090753900E+03 5.000000000E+01
1.578074800E+01 9.797223500E+02 5.000000000E+01
1.580593800E+01 8.102020900E+02 5.000000000E+01
1.583112600E+01 6.639423200E+02 5.000000000E+01
1.585631500E+01 5.780400400E+02 5.000000000E+01
1.588150400E+01 5.368603500E+02 5.000000000E+01
1.590669300E+01 5.182112400E+02 5.000000000E+01
1.593188100E+01 5.080668600E+02 5.000000000E+01
1.595707000E+01 5.008749100E+02 5.000000000E+01
1.598225900E+01 4.970662200E+02 5.000000000E+01
1.600744800E+01 4.940636000E+02 5.000000000E+01
1.603263700E+01 4.910672900E+02 5.000000000E+01
1.605782500E+01 4.883258700E+02 5.000000000E+01
1.608301400E+01 4.862006200E+02 5.000000000E+01
1.610820200E+01 4.847456700E+02 5.000000000E+01
1.613339000E+01 4.833407600E+02 5.000000000E+01
1.615858100E+01 4.823635900E+02 5.000000000E+01
1.618376900E+01 4.808159200E+02 5.000000000E+01
1.620895800E+01 4.796299400E+02 5.000000000E+01
1.623414600E+01 4.790158100E+02 5.000000000E+01
1.625933500E+01 4.794327700E+02 5.000000000E+01
1.628452300E+01 4.816443200E+02 5.000000000E+01
1.630971100E+01 4.864321900E+02 5.000000000E+01
1.633490200E+01 4.941253700E+02 5.000000000E+01
1.636009000E+01 5.034347500E+02 5.000000000E+01
1.638527900E+01 5.112804900E+02 5.000000000E+01
1.641046700E+01 5.122263800E+02 5.000000000E+01
1.643565600E+01 5.063857400E+02 5.000000000E+01
1.646084400E+01 4.964035000E+02 5.000000000E+01
1.648603400E+01 4.877578100E+02 5.000000000E+01
1.651122300E+01 4.822452700E+02 5.000000000E+01
1.653641100E+01 4.794546500E+02 5.000000000E+01
1.656160000E+01 4.792098100E+02 5.000000000E+01
1.658678800E+01 4.797898600E+02 5.000000000E+01
1.661197700E+01 4.816521900E+02 5.000000000E+01
1.663716700E+01 4.857923900E+02 5.000000000E+01
1.666235500E+01 4.943309600E+02 5.000000000E+01
1.668754400E+01 5.114501600E+02 5.000000000E+01
1.671273200E+01 5.421792000E+02 5.000000000E+01
1.673792100E+01 5.848836700E+02 5.000000000E+01
1.676310900E+01 6.244465900E+02 5.000000000E+01
1.678829800E+01 6.492104500E+02 5.000000000E+01
1.681348800E+01 6.610928300E+02 5.000000000E+01
1.683867600E+01 6.804664900E+02 5.000000000E+01
1.686386500E+01 7.191208500E+02 5.000000000E+01
1.688905300E+01 7.584090600E+02 5.000000000E+01
1.691424200E+01 7.645254500E+02 5.000000000E+01
1.693943000E+01 7.234060100E+02 5.000000000E+01
1.696462100E+01 6.493278800E+02 5.000000000E+01
1.698980900E+01 5.766158400E+02 5.000000000E+01
1.701499700E+01 5.274683200E+02 5.000000000E+01
1.704018600E+01 5.027389500E+02 5.000000000E+01
1.706537400E+01 4.907093200E+02 5.000000000E+01
1.709056300E+01 4.851186800E+02 5.000000000E+01
1.711575300E+01 4.825896900E+02 5.000000000E+01
1.714094200E+01 4.810386000E+02 5.000000000E+01
1.716613000E+01 4.807077300E+02 5.000000000E+01
1.719131900E+01 4.807677600E+02 5.000000000E+01
1.721650700E+01 4.817534200E+02 5.000000000E+01
1.724169500E+01 4.844906900E+02 5.000000000E+01
1.726688400E+01 4.903894000E+02 5.000000000E+01
1.729207400E+01 5.029909100E+02 5.000000000E+01
1.731726300E+01 5.283322800E+02 5.000000000E+01
1.734245100E+01 5.687535400E+02 5.000000000E+01
1.736764000E+01 6.159757700E+02 5.000000000E+01
1.739282800E+01 6.474688700E+02 5.000000000E+01
1.741801600E+01 6.471866500E+02 5.000000000E+01
1.744320700E+01 6.143524800E+02 5.000000000E+01
1.746839500E+01 5.676975100E+02 5.000000000E+01
1.749358400E+01 5.282088000E+02 5.000000000E+01
1.751877200E+01 5.050642400E+02 5.000000000E+01
1.754396100E+01 4.941649800E+02 5.000000000E+01
1.756914900E+01 4.908841200E+02 5.000000000E+01
1.759433700E+01 4.920897800E+02 5.000000000E+01
1.761952800E+01 4.966960800E+02 5.000000000E+01
1.764471600E+01 5.089161700E+02 5.000000000E+01
1.766990500E+01 5.369431800E+02 5.000000000E+01
1.769509300E+01 5.885700700E+02 5.000000000E+01
1.772028200E+01 6.588325800E+02 5.000000000E+01
1.774547000E+01 7.197186900E+02 5.000000000E+01
1.777066000E+01 7.428131100E+02 5.000000000E+01
1.779584900E+01 7.241348900E+02 5.000000000E+01
1.782103700E+01 6.827183800E+02 5.000000000E+01
1.784622600E+01 6.471890300E+02 5.000000000E+01
1.787141400E+01 6.249456800E+02 5.000000000E+01
1.789660300E+01 6.045071400E+02 5.000000000E+01
1.792179300E+01 5.760848400E+02 5.000000000E+01
1.794698100E+01 5.419421400E+02 5.000000000E+01
1.797217000E+01 5.135602400E+02 5.000000000E+01
1.799735800E+01 4.954909400E+02 5.000000000E+01
1.802254700E+01 4.861734000E+02 5.000000000E+01
1.804773500E+01 4.818227200E+02 5.000000000E+01
1.807292400E+01 4.797341300E+02 5.000000000E+01
1.809811400E+01 4.784535200E+02 5.000000000E+01
1.812330200E+01 4.769624900E+02 5.000000000E+01
1.814849100E+01 4.765475500E+02 5.000000000E+01
1.817367900E+01 4.769447600E+02 5.000000000E+01
1.819886800E+01 4.786632100E+02 5.000000000E+01
1.822405600E+01 4.818967300E+02 5.000000000E+01
1.824924700E+01 4.893241000E+02 5.000000000E+01
1.827443500E+01 5.045101300E+02 5.000000000E+01
1.829962300E+01 5.267158200E+02 5.000000000E+01
1.832481200E+01 5.486194500E+02 5.000000000E+01
1.835000000E+01 5.593121900E+02 5.000000000E+01
1.837518900E+01 5.546778600E+02 5.000000000E+01
1.840037900E+01 5.360507800E+02 5.000000000E+01
1.842556800E+01 5.136727300E+02 5.000000000E+01
1.845075600E+01 4.963808000E+02 5.000000000E+01
1.847594500E+01 4.872030600E+02 5.000000000E+01
1.850113300E+01 4.841406300E+02 5.000000000E+01
1.852632100E+01 4.853949900E+02 5.000000000E+01
1.855151000E+01 4.915792800E+02 5.000000000E+01
1.857670000E+01 5.052049600E+02 5.000000000E+01
1.860188900E+01 5.336945200E+02 5.000000000E+01
1.862707700E+01 5.834384800E+02 5.000000000E+01
1.865226600E+01 6.490585900E+02 5.000000000E+01
1.867745400E+01 7.088097500E+02 5.000000000E+01
1.870264200E+01 7.355700100E+02 5.000000000E+01
1.872783300E+01 7.297027600E+02 5.000000000E+01
1.875302100E+01 7.063328200E+02 5.000000000E+01
1.877821000E+01 6.851079100E+02 5.000000000E+01
1.880339800E+01 6.667912600E+02 5.000000000E+01
1.882858700E+01 6.390172700E+02 5.000000000E+01
1.885377500E+01 5.973308700E+02 5.000000000E+01
1.887896300E+01 5.514101600E+02 5.000000000E+01
1.890415400E+01 5.144246800E+02 5.000000000E+01
1.892934200E+01 4.921920500E+02 5.000000000E+01
1.895453100E+01 4.801958600E+02 5.000000000E+01
1.897971900E+01 4.741077000E+02 5.000000000E+01
1.900490800E+01 4.706566200E+02 5.000000000E+01
1.903009600E+01 4.682648600E+02 5.000000000E+01
1.905528600E+01 4.665336000E+02 5.000000000E+01
1.908047500E+01 4.657784100E+02 5.000000000E+01
1.910566300E+01 4.657715500E+02 5.000000000E+01
1.913085200E+01 4.673322100E+02 5.000000000E+01
1.915604000E+01 4.722418200E+02 5.000000000E+01
1.918122900E+01 4.832585800E+02 5.000000000E+01
1.920641900E+01 5.004621300E+02 5.000000000E+01
1.923160700E+01 5.175424800E+02 5.000000000E+01
1.925679600E+01 5.251021700E+02 5.000000000E+01
1.928198400E+01 5.193295900E+02 5.000000000E+01
1.930717300E+01 5.026918900E+02 5.000000000E+01
1.933236100E+01 4.837545800E+02 5.000000000E+01
1.935755000E+01 4.703629500E+02 5.000000000E+01
1.938274000E+01 4.636076400E+02 5.000000000E+01
1.940792800E+01 4.610576800E+02 5.000000000E+01
1.943311700E+01 4.615755300E+02 5.000000000E+01
1.945830500E+01 4.655613100E+02 5.000000000E+01
1.948349400E+01 4.759040800E+02 5.000000000E+01
1.950868200E+01 4.952147800E+02 5.000000000E+01
1.953387300E+01 5.223466200E+02 5.000000000E+01
1.955906100E+01 5.497270500E+02 5.000000000E+01
1.958424900E+01 5.634485500E+02 5.000000000E+01
1.960943800E+01 5.551434900E+02 5.000000000E+01
1.963462600E+01 5.295330200E+02 5.000000000E+01
1.965981500E+01 4.994871500E+02 5.000000000E+01
1.968500500E+01 4.762308700E+02 5.000000000E+01
1.971019400E+01 4.617310200E+02 5.000000000E+01
1.973538200E+01 4.539559000E+02 5.000000000E+01
1.976057100E+01 4.498655400E+02 5.000000000E+01
1.978575900E+01 4.477120100E+02 5.000000000E+01
1.981094700E+01 4.464863900E+02 5.000000000E+01
1.983613600E+01 4.460080900E+02 5.000000000E+01
1.986132600E+01 4.460658000E+02 5.000000000E+01
1.988651500E+01 4.458520500E+02 5.000000000E+01
1.991170300E+01 4.457736500E+02 5.000000000E+01
1.993689200E+01 4.457107800E+02 5.000000000E+01
1.996208000E+01 4.473850100E+02 5.000000000E+01
1.998726800E+01 4.496227100E+02 5.000000000E+01
2.001245900E+01 4.535296300E+02 5.000000000E+01
2.003764700E+01 4.610168500E+02 5.000000000E+01
2.006283600E+01 4.731098900E+02 5.000000000E+01
2.008802400E+01 4.875842900E+02 5.000000000E+01
2.011321300E+01 4.969565100E+02 5.000000000E+01
2.013840100E+01 4.977188700E+02 5.000000000E+01
2.016358900E+01 4.895791300E+02 5.000000000E+01
2.018878000E+01 4.772384300E+02 5.000000000E+01
2.021396800E+01 4.664931000E+02 5.000000000E+01
2.023915700E+01 4.603882100E+02 5.000000000E+01
2.026434500E+01 4.593537000E+02 5.000000000E+01
2.028953400E+01 4.620992100E+02 5.000000000E+01
2.031472200E+01 4.693400000E+02 5.000000000E+01
2.033991200E+01 4.846718100E+02 5.000000000E+01
2.036510100E+01 5.121560700E+02 5.000000000E+01
2.039028900E+01 5.501697400E+02 5.000000000E+01
2.041547800E+01 5.862702000E+02 5.000000000E+01
2.044066600E+01 6.043577900E+02 5.000000000E+01
2.046585500E+01 6.006096800E+02 5.000000000E+01
2.049104500E+01 5.819779100E+02 5.000000000E+01
2.051623300E+01 5.595542600E+02 5.000000000E+01
2.054142200E+01 5.399868800E+02 5.000000000E+01
2.056661000E+01 5.208527800E+02 5.000000000E+01
2.059179900E+01 5.016876200E+02 5.000000000E+01
2.061698700E+01 4.840630800E+02 5.000000000E+01
2.064217600E+01 4.705686600E+02 5.000000000E+01
2.066736600E+01 4.633524500E+02 5.000000000E+01
2.069255400E+01 4.599695100E+02 5.000000000E+01
2.071774300E+01 4.585291700E+02 5.000000000E+01
2.074293100E+01 4.581636700E+02 5.000000000E+01
2.076812000E+01 4.586462400E+02 5.000000000E+01
2.079330800E+01 4.600657300E+02 5.000000000E+01
2.081849900E+01 4.640309400E+02 5.000000000E+01
2.084368700E+01 4.730198700E+02 5.000000000E+01
2.086887600E+01 4.896159100E+02 5.000000000E+01
2.089406400E+01 5.165209400E+02 5.000000000E+01
2.091925200E+01 5.467226600E+02 5.000000000E+01
2.094444100E+01 5.667307700E+02 5.000000000E+01
2.096962900E+01 5.658320300E+02 5.000000000E+01
2.099482000E+01 5.453578500E+02 5.000000000E+01
2.102000800E+01 5.166939100E+02 5.000000000E+01
2.104519700E+01 4.913925500E+02 5.000000000E+01
2.107038500E+01 4.749087500E+02 5.000000000E+01
2.109557300E+01 4.674844100E+02 5.000000000E+01
2.112076200E+01 4.668788100E+02 5.000000000E+01
2.114595200E+01 4.725954000E+02 5.000000000E+01
2.117114100E+01 4.870050400E+02 5.000000000E+01
2.119632900E+01 5.111297300E+02 5.000000000E+01
2.122151800E+01 5.395346100E+02 5.000000000E+01
2.124670600E+01 5.613807400E+02 5.000000000E+01
2.127189400E+01 5.669854700E+02 5.000000000E+01
2.129708500E+01 5.585297200E+02 5.000000000E+01
2.132227300E+01 5.427161300E+02 5.000000000E+01
2.134746200E+01 5.252313200E+02 5.000000000E+01
2.137265000E+01 5.087508900E+02 5.000000000E+01
2.139783900E+01 4.914590500E+02 5.000000000E+01
2.142302700E+01 4.743941000E+02 5.000000000E+01
2.144821500E+01 4.612656300E+02 5.000000000E+01
2.147340600E+01 4.524106400E+02 5.000000000E+01
2.149859400E+01 4.479650900E+02 5.000000000E+01
2.152378300E+01 4.451604600E+02 5.000000000E+01
2.154897100E+01 4.433133900E+02 5.000000000E+01
2.157416000E+01 4.413383800E+02 5.000000000E+01
2.159934800E+01 4.400255400E+02 5.000000000E+01
2.162453800E+01 4.388667900E+02 5.000000000E+01
2.164972700E+01 4.376810300E+02 5.000000000E+01
2.167491500E+01 4.368964800E+02 5.000000000E+01
2.170010400E+01 4.368047200E+02 5.000000000E+01
2.172529200E+01 4.372903100E+02 5.000000000E+01
2.175048100E+01 4.369736300E+02 5.000000000E+01
2.177567100E+01 4.368483300E+02 5.000000000E+01
2.180085900E+01 4.368517800E+02 5.000000000E+01
2.182604800E+01 4.372786600E+02 5.000000000E+01
2.185123600E+01 4.375878000E+02 5.000000000E+01
2.187642500E+01 4.388022200E+02 5.000000000E+01
2.190161300E+01 4.411107800E+02 5.000000000E+01
2.192680200E+01 4.446597000E+02 5.000000000E+01
2.195199200E+01 4.516205700E+02 5.000000000E+01
2.197718000E+01 4.636493200E+02 5.000000000E+01
2.200236900E+01 4.807269000E+02 5.000000000E+01
2.202755700E+01 4.982969400E+02 5.000000000E+01
2.205274600E+01 5.125513900E+02 5.000000000E+01
2.207793400E+01 5.235853300E+02 5.000000000E+01
2.210312500E+01 5.314252300E+02 5.000000000E+01
2.212831300E+01 5.342580000E+02 5.000000000E+01
2.215350200E+01 5.285569500E+02 5.000000000E+01
2.217869000E+01 5.115228000E+02 5.000000000E+01
2.220387800E+01 4.886820400E+02 5.000000000E+01
2.222906700E+01 4.671298500E+02 5.000000000E+01
2.225425500E+01 4.525862700E+02 5.000000000E+01
2.227944600E+01 4.447811600E+02 5.000000000E+01
2.230463400E+01 4.402010500E+02 5.000000000E+01
2.232982300E+01 4.377931200E+02 5.000000000E+01
2.235501100E+01 4.364365200E+02 5.000000000E+01
2.238019900E+01 4.363255900E+02 5.000000000E+01
2.240538800E+01 4.378639200E+02 5.000000000E+01
2.243057800E+01 4.425445900E+02 5.000000000E+01
2.245576700E+01 4.505275600E+02 5.000000000E+01
2.248095500E+01 4.610723900E+02 5.000000000E+01
2.250614400E+01 4.702407800E+02 5.000000000E+01
2.253133200E+01 4.733678300E+02 5.000000000E+01
2.255652000E+01 4.692300100E+02 5.000000000E+01
2.258171100E+01 4.586983600E+02 5.000000000E+01
2.260689900E+01 4.472897300E+02 5.000000000E+01
2.263208800E+01 4.392690100E+02 5.000000000E+01
2.265727600E+01 4.356186800E+02 5.000000000E+01
2.268246500E+01 4.349464400E+02 5.000000000E+01
2.270765300E+01 4.366613500E+02 5.000000000E+01
2.273284100E+01 4.423245500E+02 5.000000000E+01
2.275803200E+01 4.517676100E+02 5.000000000E+01
2.278322000E+01 4.609479100E+02 5.000000000E+01
2.280840900E+01 4.654971600E+02 5.000000000E+01
2.283359700E+01 4.625607600E+02 5.000000000E+01
2.285878600E+01 4.537496000E+02 5.000000000E+01
2.288397400E+01 4.434588300E+02 5.000000000E+01
2.290916400E+01 4.347507900E+02 5.000000000E+01
2.293435300E+01 4.286528600E+02 5.000000000E+01
2.295954100E+01 4.247225300E+02 5.000000000E+01
2.298473000E+01 4.228744500E+02 5.000000000E+01
2.300991800E+01 4.219326800E+02 5.000000000E+01
2.303510700E+01 4.214286200E+02 5.000000000E+01
2.306029700E+01 4.211073600E+02 5.000000000E+01
2.308548500E+01 4.214100600E+02 5.000000000E+01
2.311067400E+01 4.219595600E+02 5.000000000E+01
2.313586200E+01 4.224485500E+02 5.000000000E+01
2.316105100E+01 4.236623800E+02 5.000000000E+01
2.318623900E+01 4.250577700E+02 5.000000000E+01
2.321142800E+01 4.271799000E+02 5.000000000E+01
2.323661800E+01 4.301575300E+02 5.000000000E+01
2.326180600E+01 4.327044100E+02 5.000000000E+01
2.328699500E+01 4.340630800E+02 5.000000000E+01
2.331218300E+01 4.340294800E+02 5.000000000E+01
2.333737200E+01 4.325986300E+02 5.000000000E+01
2.336256000E+01 4.315313700E+02 5.000000000E+01
2.338775100E+01 4.316995200E+02 5.000000000E+01
2.341293900E+01 4.345473900E+02 5.000000000E+01
2.343812800E+01 4.411351000E+02 5.000000000E+01
2.346331600E+01 4.528595300E+02 5.000000000E+01
2.348850400E+01 4.707824700E+02 5.000000000E+01
2.351369300E+01 4.930197800E+02 5.000000000E+01
2.353888100E+01 5.120632300E+02 5.000000000E+01
2.356407200E+01 5.211596100E+02 5.000000000E+01
2.358926000E+01 5.178526000E+02 5.000000000E+01
2.361444900E+01 5.060179400E+02 5.000000000E+01
2.363963700E+01 4.909756800E+02 5.000000000E+01
2.366482500E+01 4.764514200E+02 5.000000000E+01
2.369001400E+01 4.627985500E+02 5.000000000E+01
2.371520400E+01 4.501608300E+02 5.000000000E+01
2.374039300E+01 4.401185000E+02 5.000000000E+01
2.376558100E+01 4.340847200E+02 5.000000000E+01
2.379077000E+01 4.307858000E+02 5.000000000E+01
2.381595800E+01 4.293197600E+02 5.000000000E+01
2.384114600E+01 4.286737400E+02 5.000000000E+01
2.386633700E+01 4.289148600E+02 5.000000000E+01
2.389152500E+01 4.299530000E+02 5.000000000E+01
2.391671400E+01 4.338081400E+02 5.000000000E+01
2.394190200E+01 4.401190200E+02 5.000000000E+01
2.396709100E+01 4.468989600E+02 5.000000000E+01
2.399227900E+01 4.523053300E+02 5.000000000E+01
2.401746700E+01 4.533145800E+02 5.000000000E+01
2.404265800E+01 4.490411700E+02 5.000000000E+01
2.406784600E+01 4.415676900E+02 5.000000000E+01
2.409303500E+01 4.352450600E+02 5.000000000E+01
2.411822300E+01 4.320317100E+02 5.000000000E+01
2.414341200E+01 4.312699900E+02 5.000000000E+01
2.416860000E+01 4.332255600E+02 5.000000000E+01
2.419379000E+01 4.387315400E+02 5.000000000E+01
2.421897900E+01 4.485084500E+02 5.000000000E+01
2.424416700E+01 4.595679300E+02 5.000000000E+01
2.426935600E+01 4.677812800E+02 5.000000000E+01
2.429454400E+01 4.705466300E+02 5.000000000E+01
2.431973300E+01 4.690109300E+02 5.000000000E+01
2.434492100E+01 4.639795800E+02 5.000000000E+01
2.437011100E+01 4.567524100E+02 5.000000000E+01
2.439530000E+01 4.480805100E+02 5.000000000E+01
2.442048800E+01 4.389507100E+02 5.000000000E+01
2.444567700E+01 4.308600200E+02 5.000000000E+01
2.447086500E+01 4.246387000E+02 5.000000000E+01
2.449605400E+01 4.208994800E+02 5.000000000E+01
2.452124400E+01 4.190205400E+02 5.000000000E+01
2.454643200E+01 4.182769500E+02 5.000000000E+01
2.457162100E+01 4.173577900E+02 5.000000000E+01
2.459680900E+01 4.177449300E+02 5.000000000E+01
2.462199800E+01 4.193659700E+02 5.000000000E+01
2.464718600E+01 4.218788500E+02 5.000000000E+01
2.467237700E+01 4.250286600E+02 5.000000000E+01
2.469756500E+01 4.274371900E+02 5.000000000E+01
2.472275400E+01 4.279832200E+02 5.000000000E+01
2.474794200E+01 4.257913800E+02 5.000000000E+01
2.477313000E+01 4.218188200E+02 5.000000000E+01
2.479831900E+01 4.183580600E+02 5.000000000E+01
2.482350700E+01 4.165971100E+02 5.000000000E+01
2.484869800E+01 4.165047300E+02 5.000000000E+01
2.487388600E+01 4.180996100E+02 5.000000000E+01
2.489907500E+01 4.215568200E+02 5.000000000E+01
2.492426300E+01 4.277560400E+02 5.000000000E+01
2.494945100E+01 4.340887500E+02 5.000000000E+01
2.497464000E+01 4.375591100E+02 5.000000000E+01
2.499983000E+01 4.368151600E+02 5.000000000E+01
2.502501900E+01 4.331944000E+02 5.000000000E+01
2.505020700E+01 4.285589600E+02 5.000000000E+01
2.507539600E+01 4.241138300E+02 5.000000000E+01
2.510058400E+01 4.195788600E+02 5.000000000E+01
2.512577200E+01 4.156510300E+02 5.000000000E+01
2.515096300E+01 4.122880200E+02 5.000000000E+01
2.517615100E+01 4.105205100E+02 5.000000000E+01
2.520134000E+01 4.095752900E+02 5.000000000E+01
2.522652800E+01 4.095463000E+02 5.000000000E+01
2.525171700E+01 4.092979700E+02 5.000000000E+01
2.527690500E+01 4.101926600E+02 5.000000000E+01
2.530209400E+01 4.126110200E+02 5.000000000E+01
2.532728400E+01 4.168566900E+02 5.000000000E+01
2.535247200E+01 4.235297200E+02 5.000000000E+01
2.537766100E+01 4.299574000E+02 5.000000000E+01
2.540284900E+01 4.336158400E+02 5.000000000E+01
2.542803800E+01 4.321011000E+02 5.000000000E+01
2.545322600E+01 4.265620700E+02 5.000000000E+01
2.547841600E+01 4.201442600E+02 5.000000000E+01
2.550360500E+01 4.153761900E+02 5.000000000E+01
2.552879300E+01 4.132719100E+02 5.000000000E+01
2.555398200E+01 4.151496300E+02 5.000000000E+01
2.557917000E+01 4.199686300E+02 5.000000000E+01
2.560435900E+01 4.268911700E+02 5.000000000E+01
2.562954700E+01 4.347811600E+02 5.000000000E+01
2.565473700E+01 4.387074000E+02 5.000000000E+01
2.567992600E+01 4.361413300E+02 5.000000000E+01
2.570511400E+01 4.287967200E+02 5.000000000E+01
2.573030300E+01 4.194914900E+02 5.000000000E+01
2.575549100E+01 4.122453300E+02 5.000000000E+01
2.578068000E+01 4.077278700E+02 5.000000000E+01
2.580587000E+01 4.050967700E+02 5.000000000E+01
2.583105900E+01 4.036149300E+02 5.000000000E+01
2.585624700E+01 4.029631700E+02 5.000000000E+01
2.588143500E+01 4.017908600E+02 5.000000000E+01
2.590662400E+01 4.016468500E+02 5.000000000E+01
2.593181200E+01 4.017406900E+02 5.000000000E+01
2.595700300E+01 4.012345900E+02 5.000000000E+01
2.598219100E+01 4.021784100E+02 5.000000000E+01
2.600738000E+01 4.034038700E+02 5.000000000E+01
2.603256800E+01 4.047276900E+02 5.000000000E+01
2.605775600E+01 4.056755700E+02 5.000000000E+01
2.608294500E+01 4.064309400E+02 5.000000000E+01
2.610813300E+01 4.053583700E+02 5.000000000E+01
2.613332400E+01 4.036991000E+02 5.000000000E+01
2.615851200E+01 4.027963000E+02 5.000000000E+01
2.618370100E+01 4.029019200E+02 5.000000000E+01
2.620888900E+01 4.028128700E+02 5.000000000E+01
2.623407700E+01 4.034859000E+02 5.000000000E+01
2.625926600E+01 4.059662800E+02 5.000000000E+01
2.628445600E+01 4.095532500E+02 5.000000000E+01
2.630964500E+01 4.137545200E+02 5.000000000E+01
2.633483300E+01 4.183845800E+02 5.000000000E+01
2.636002200E+01 4.238503400E+02 5.000000000E+01
2.638521000E+01 4.279624000E+02 5.000000000E+01
2.641039800E+01 4.283255600E+02 5.000000000E+01
2.643558900E+01 4.242153600E+02 5.000000000E+01
2.646077700E+01 4.173637400E+02 5.000000000E+01
2.648596600E+01 4.105929900E+02 5.000000000E+01
2.651115400E+01 4.064540700E+02 5.000000000E+01
2.653634300E+01 4.035208400E+02 5.000000000E+01
2.656153100E+01 4.018681000E+02 5.000000000E+01
2.658672000E+01 4.018426800E+02 5.000000000E+01
2.661191000E+01 4.023347800E+02 5.000000000E+01
2.663709800E+01 4.037918400E+02 5.000000000E+01
2.666228700E+01 4.055675400E+02 5.000000000E+01
2.668747500E+01 4.085272500E+02 5.000000000E+01
2.671266400E+01 4.114576400E+02 5.000000000E+01
2.673785200E+01 4.122456400E+02 5.000000000E+01
2.676304200E+01 4.107352000E+02 5.000000000E+01
2.678823100E+01 4.083395400E+02 5.000000000E+01
2.681341900E+01 4.057224400E+02 5.000000000E+01
2.683860800E+01 4.052957500E+02 5.000000000E+01
2.686379600E+01 4.063413100E+02 5.000000000E+01
2.688898500E+01 4.098752700E+02 5.000000000E+01
2.691417300E+01 4.150795000E+02 5.000000000E+01
2.693936300E+01 4.216051300E+02 5.000000000E+01
2.696455200E+01 4.260848700E+02 5.000000000E+01
2.698974000E+01 4.264461700E+02 5.000000000E+01
2.701492900E+01 4.227511900E+02 5.000000000E+01
2.704011700E+01 4.175085800E+02 5.000000000E+01
2.706530600E+01 4.119934700E+02 5.000000000E+01
2.709049600E+01 4.072439000E+02 5.000000000E+01
2.711568500E+01 4.036147200E+02 5.000000000E+01
2.714087300E+01 4.010376000E+02 5.000000000E+01
2.716606100E+01 3.992613500E+02 5.000000000E+01
2.719125000E+01 3.982727100E+02 5.000000000E+01
2.721643800E+01 3.975900600E+02 5.000000000E+01
2.724162900E+01 3.969372300E+02 5.000000000E+01
2.726681700E+01 3.958266300E+02 5.000000000E+01
2.729200600E+01 3.957799700E+02 5.000000000E+01
2.731719400E+01 3.971422100E+02 5.000000000E+01
2.734238200E+01 3.988512300E+02 5.000000000E+01
2.736757100E+01 3.990362500E+02 5.000000000E+01
2.739275900E+01 3.991211500E+02 5.000000000E+01
2.741795000E+01 3.991361400E+02 5.000000000E+01
2.744313800E+01 3.983895600E+02 5.000000000E+01
2.746832700E+01 3.979359100E+02 5.000000000E+01
2.749351500E+01 3.989363400E+02 5.000000000E+01
2.751870300E+01 4.014395800E+02 5.000000000E+01
2.754389200E+01 4.058143300E+02 5.000000000E+01
2.756908200E+01 4.114451300E+02 5.000000000E+01
2.759427100E+01 4.168677100E+02 5.000000000E+01
2.761945900E+01 4.203930700E+02 5.000000000E+01
2.764464800E+01 4.212464600E+02 5.000000000E+01
2.766983600E+01 4.187950400E+02 5.000000000E+01
2.769502400E+01 4.141355600E+02 5.000000000E+01
2.772021500E+01 4.084981700E+02 5.000000000E+01
2.774540300E+01 4.031441300E+02 5.000000000E+01
2.777059200E+01 3.989290800E+02 5.000000000E+01
2.779578000E+01 3.955973500E+02 5.000000000E+01
2.782096900E+01 3.936377300E+02 5.000000000E+01
2.784615700E+01 3.928019100E+02 5.000000000E+01
2.787134600E+01 3.924316700E+02 5.000000000E+01
2.789653600E+01 3.920713200E+02 5.000000000E+01
2.792172400E+01 3.921584800E+02 5.000000000E+01
2.794691300E+01 3.932819500E+02 5.000000000E+01
2.797210100E+01 3.938887900E+02 5.000000000E+01
2.799729000E+01 3.947583900E+02 5.000000000E+01
2.802247800E+01 3.944443400E+02 5.000000000E+01
2.804766800E+01 3.927295800E+02 5.000000000E+01
2.807285700E+01 3.909276400E+02 5.000000000E+01
2.809804500E+01 3.898783600E+02 5.000000000E+01
2.812323400E+01 3.895800500E+02 5.000000000E+01
2.814842200E+01 3.896619900E+02 5.000000000E+01
2.817361100E+01 3.899133600E+02 5.000000000E+01
2.819879900E+01 3.906952500E+02 5.000000000E+01
2.822398900E+01 3.910479100E+02 5.000000000E+01
2.824917800E+01 3.907944600E+02 5.000000000E+01
2.827436600E+01 3.895595100E+02 5.000000000E+01
2.829955500E+01 3.873953600E+02 5.000000000E+01
2.832474300E+01 3.864287400E+02 5.000000000E+01
2.834993200E+01 3.853972500E+02 5.000000000E+01
2.837512200E+01 3.842286700E+02 5.000000000E+01
2.840031100E+01 3.834256000E+02 5.000000000E+01
2.842549900E+01 3.826398600E+02 5.000000000E+01
2.845068700E+01 3.821884200E+02 5.000000000E+01
2.847587600E+01 3.822924200E+02 5.000000000E+01
2.850106400E+01 3.825142800E+02 5.000000000E+01
2.852625500E+01 3.830156300E+02 5.000000000E+01
2.855144300E+01 3.831153300E+02 5.000000000E+01
2.857663200E+01 3.831388900E+02 5.000000000E+01
2.860182000E+01 3.830275900E+02 5.000000000E+01
2.862700800E+01 3.834298700E+02 5.000000000E+01
2.865219700E+01 3.837568700E+02 5.000000000E+01
2.867738500E+01 3.834579800E+02 5.000000000E+01
2.870257600E+01 3.842714800E+02 5.000000000E+01
2.872776400E+01 3.843081400E+02 5.000000000E+01
2.875295300E+01 3.855084500E+02 5.000000000E+01
2.877814100E+01 3.878889800E+02 5.000000000E+01
2.880332900E+01 3.911950100E+02 5.000000000E+01
2.882851800E+01 3.940666200E+02 5.000000000E+01
2.885370800E+01 3.962610800E+02 5.000000000E+01
2.887889700E+01 3.960497100E+02 5.000000000E+01
2.890408500E+01 3.947051700E+02 5.000000000E+01
2.892927400E+01 3.925652800E+02 5.000000000E+01
2.895446200E+01 3.905589600E+02 5.000000000E+01
2.897965000E+01 3.883625800E+02 5.000000000E+01
2.900483900E+01 3.862698100E+02 5.000000000E+01
2.903002900E+01 3.849529400E+02 5.000000000E+01
2.905521800E+01 3.842156400E+02 5.000000000E+01
2.908040600E+01 3.837458200E+02 5.000000000E+01
2.910559500E+01 3.839812600E+02 5.000000000E+01
2.913078300E+01 3.842144500E+02 5.000000000E+01
2.915597200E+01 3.855381500E+02 5.000000000E+01
2.918116200E+01 3.882377000E+02 5.000000000E+01
2.920635000E+01 3.899312400E+02 5.000000000E+01
2.923153900E+01 3.900885000E+02 5.000000000E+01
2.925672700E+01 3.895204500E+02 5.000000000E+01
2.928191600E+01 3.876024200E+02 5.000000000E+01
2.930710400E+01 3.858166800E+02 5.000000000E+01
2.933229400E+01 3.853438400E+02 5.000000000E+01
2.935748300E+01 3.854609400E+02 5.000000000E+01
2.938267100E+01 3.867907100E+02 5.000000000E+01
2.940786000E+01 3.883571800E+02 5.000000000E+01
2.943304800E+01 3.895813600E+02 5.000000000E+01
2.945823700E+01 3.906419100E+02 5.000000000E+01
2.948342500E+01 3.902171900E+02 5.000000000E+01
2.950861500E+01 3.889644500E+02 5.000000000E+01
2.953380400E+01 3.869174800E+02 5.000000000E+01
2.955899200E+01 3.847028500E+02 5.000000000E+01
2.958418100E+01 3.832098400E+02 5.000000000E+01
2.960936900E+01 3.821780100E+02 5.000000000E+01
2.963455800E+01 3.810089700E+02 5.000000000E+01
2.965974800E+01 3.798912700E+02 5.000000000E+01
2.968493700E+01 3.792554000E+02 5.000000000E+01
2.971012500E+01 3.798071300E+02 5.000000000E+01
2.973531300E+01 3.796973300E+02 5.000000000E+01
2.976050200E+01 3.793295000E+02 5.000000000E+01
2.978569000E+01 3.798370700E+02 5.000000000E+01
2.981088100E+01 3.797982500E+02 5.000000000E+01
2.983606900E+01 3.793426800E+02 5.000000000E+01
2.986125800E+01 3.793873000E+02 5.000000000E+01
2.988644600E+01 3.793461600E+02 5.000000000E+01
2.991163400E+01 3.794497400E+02 5.000000000E+01
2.993682300E+01 3.797859500E+02 5.000000000E+01
2.996201100E+01 3.805144000E+02 5.000000000E+01
2.998720200E+01 3.820760200E+02 5.000000000E+01
3.001239000E+01 3.841483800E+02 5.000000000E+01
3.003757900E+01 3.854373800E+02 5.000000000E+01
3.006276700E+01 3.856351300E+02 5.000000000E+01
3.008795500E+01 3.854200700E+02 5.000000000E+01
3.011314400E+01 3.845079300E+02 5.000000000E+01
3.013833400E+01 3.831781600E+02 5.000000000E+01
3.016352300E+01 3.817775900E+02 5.000000000E+01
3.018871100E+01 3.797447500E+02 5.000000000E+01
3.021390000E+01 3.784317300E+02 5.000000000E+01
3.023908800E+01 3.778907500E+02 5.000000000E+01
3.026427700E+01 3.771633000E+02 5.000000000E+01
3.028946500E+01 3.771355000E+02 5.000000000E+01
3.031465500E+01 3.781206400E+02 5.000000000E+01
3.033984400E+01 3.792370900E+02 5.000000000E+01
3.036503200E+01 3.805674100E+02 5.000000000E+01
3.039022100E+01 3.814203200E+02 5.000000000E+01
3.041540900E+01 3.813897400E+02 5.000000000E+01
3.044059800E+01 3.800111400E+02 5.000000000E+01
3.046578800E+01 3.791186500E+02 5.000000000E+01
3.049097600E+01 3.781297600E+02 5.000000000E+01
3.051616500E+01 3.772894900E+02 5.000000000E+01
3.054135300E+01 3.782249800E+02 5.000000000E+01
3.056654200E+01 3.792009300E+02 5.000000000E+01
3.059173000E+01 3.799249000E+02 5.000000000E+01
3.061692000E+01 3.805350600E+02 5.000000000E+01
3.064210900E+01 3.800751600E+02 5.000000000E+01
3.066729700E+01 3.782198500E+02 5.000000000E+01
3.069248600E+01 3.765218200E+02 5.000000000E+01
3.071767400E+01 3.751294600E+02 5.000000000E+01
3.074286300E+01 3.739273700E+02 5.000000000E+01
3.076805100E+01 3.729384500E+02 5.000000000E+01
3.079324200E+01 3.723339500E+02 5.000000000E+01
3.081843000E+01 3.725995500E+02 5.000000000E+01
3.084361800E+01 3.730355800E+02 5.000000000E+01
3.086880700E+01 3.733035300E+02 5.000000000E+01
3.089399500E+01 3.734385700E+02 5.000000000E+01
3.091918400E+01 3.741509400E+02 5.000000000E+01
3.094437400E+01 3.743775000E+02 5.000000000E+01
3.096956300E+01 3.747258300E+02 5.000000000E+01
3.099475100E+01 3.742229600E+02 5.000000000E+01
3.101993900E+01 3.740691500E+02 5.000000000E+01
3.104512800E+01 3.740609400E+02 5.000000000E+01
3.107031600E+01 3.737075800E+02 5.000000000E+01
3.109550700E+01 3.740863600E+02 5.000000000E+01
3.112069500E+01 3.747121300E+02 5.000000000E+01
3.114588400E+01 3.758306600E+02 5.000000000E+01
3.117107200E+01 3.773640700E+02 5.000000000E+01
3.119626000E+01 3.780543500E+02 5.000000000E+01
3.122144900E+01 3.775430000E+02 5.000000000E+01
3.124663700E+01 3.759516600E+02 5.000000000E+01
3.127182800E+01 3.743301100E+02 5.000000000E+01
3.129701600E+01 3.725442200E+02 5.000000000E+01
3.132220500E+01 3.712113600E+02 5.000000000E+01
3.134739300E+01 3.704617600E+02 5.000000000E+01
3.137258100E+01 3.698518400E+02 5.000000000E+01
3.139777000E+01 3.696067800E+02 5.000000000E+01
3.142296000E+01 3.694306300E+02 5.000000000E+01
3.144814900E+01 3.694544400E+02 5.000000000E+01
3.147333700E+01 3.695347000E+02 5.000000000E+01
3.149852600E+01 3.689613600E+02 5.000000000E+01
3.152371400E+01 3.688107300E+02 5.000000000E+01
3.154890300E+01 3.686016800E+02 5.000000000E+01
3.157409100E+01 3.683484500E+02 5.000000000E+01
3.159928100E+01 3.686333900E+02 5.000000000E+01
3.162447000E+01 3.688233900E+02 5.000000000E+01
3.164965800E+01 3.686459700E+02 5.000000000E+01
3.167484700E+01 3.684259300E+02 5.000000000E+01
3.170003500E+01 3.683443300E+02 5.000000000E+01
3.172522400E+01 3.689686300E+02 5.000000000E+01
3.175041400E+01 3.699154700E+02 5.000000000E+01
3.177560200E+01 3.707019700E+02 5.000000000E+01
3.180079100E+01 3.711966200E+02 5.000000000E+01
3.182597900E+01 3.707198500E+02 5.000000000E+01
3.185116800E+01 3.700890200E+02 5.000000000E+01
3.187635600E+01 3.682799400E+02 5.000000000E+01
3.190154600E+01 3.666967200E+02 5.000000000E+01
3.192673500E+01 3.664054600E+02 5.000000000E+01
3.195192300E+01 3.663997200E+02 5.000000000E+01
3.197711200E+01 3.660004300E+02 5.000000000E+01
3.200230000E+01 3.658450000E+02 5.000000000E+01
3.202748900E+01 3.655179700E+02 5.000000000E+01
3.205267700E+01 3.656969300E+02 5.000000000E+01
3.207786600E+01 3.657332500E+02 5.000000000E+01
3.210305400E+01 3.654470500E+02 5.000000000E+01
3.212824200E+01 3.651673900E+02 5.000000000E+01
3.215343500E+01 3.656154500E+02 5.000000000E+01
3.217862300E+01 3.658082900E+02 5.000000000E+01
3.220381200E+01 3.671449300E+02 5.000000000E+01
3.222900000E+01 3.679741500E+02 5.000000000E+01
3.225418900E+01 3.689599300E+02 5.000000000E+01
3.227937700E+01 3.702378200E+02 5.000000000E+01
3.230456500E+01 3.709292000E+02 5.000000000E+01
3.232975400E+01 3.715096100E+02 5.000000000E+01
3.235494200E+01 3.709670700E+02 5.000000000E+01
3.238013100E+01 3.697427100E+02 5.000000000E+01
3.240531900E+01 3.687601000E+02 5.000000000E+01
3.243050800E+01 3.678393200E+02 5.000000000E+01
3.245569600E+01 3.675805700E+02 5.000000000E+01
3.248088800E+01 3.671110500E+02 5.000000000E+01
3.250607700E+01 3.667321500E+02 5.000000000E+01
3.253126500E+01 3.669067100E+02 5.000000000E+01
3.255645400E+01 3.673413100E+02 5.000000000E+01
3.258164200E+01 3.685100700E+02 5.000000000E+01
3.260683100E+01 3.684146100E+02 5.000000000E+01
3.263201900E+01 3.681065700E+02 5.000000000E+01
3.265720700E+01 3.681720300E+02 5.000000000E+01
3.268239600E+01 3.679695400E+02 5.000000000E+01
3.270758400E+01 3.676305200E+02 5.000000000E+01
3.273277300E+01 3.679735100E+02 5.000000000E+01
3.275796100E+01 3.684246500E+02 5.000000000E+01
3.278315400E+01 3.683845200E+02 5.000000000E+01
3.280834200E+01 3.696149900E+02 5.000000000E+01
3.283353000E+01 3.698296500E+02 5.000000000E+01
3.285871900E+01 3.692587600E+02 5.000000000E+01
3.288390700E+01 3.679623700E+02 5.000000000E+01
3.290909600E+01 3.667258300E+02 5.000000000E+01
3.293428400E+01 3.650855100E+02 5.000000000E+01
3.295947300E+01 3.648678300E+02 5.000000000E+01
3.298466100E+01 3.647384600E+02 5.000000000E+01
3.300985000E+01 3.638740800E+02 5.000000000E+01
3.303503800E+01 3.635457200E+02 5.000000000E+01
3.306022600E+01 3.635932000E+02 5.000000000E+01
3.308541500E+01 3.635450400E+02 5.000000000E+01
3.311060700E+01 3.634334400E+02 5.000000000E+01
3.313579600E+01 3.635856900E+02 5.000000000E+01
3.316098400E+01 3.637227200E+02 5.000000000E+01
3.318617200E+01 3.638199500E+02 5.000000000E+01
3.321136100E+01 3.637606200E+02 5.000000000E+01
3.323654900E+01 3.635696400E+02 5.000000000E+01
3.326173800E+01 3.642966600E+02 5.000000000E+01
3.328692600E+01 3.647602500E+02 5.000000000E+01
3.331211500E+01 3.648878200E+02 5.000000000E+01
3.333730300E+01 3.652869600E+02 5.000000000E+01
3.336249200E+01 3.655213900E+02 5.000000000E+01
3.338768000E+01 3.653413100E+02 5.000000000E+01
3.341286800E+01 3.657330600E+02 5.000000000E+01
3.343806100E+01 3.660411400E+02 5.000000000E+01
3.346324900E+01 3.655092200E+02 5.000000000E+01
3.348843800E+01 3.643988000E+02 5.000000000E+01
3.351362600E+01 3.638789100E+02 5.000000000E+01
3.353881500E+01 3.632890600E+02 5.000000000E+01
3.356400300E+01 3.630312500E+02 5.000000000E+01
3.358919100E+01 3.625043300E+02 5.000000000E+01
3.361438000E+01 3.625161400E+02 5.000000000E+01
3.363956800E+01 3.628266300E+02 5.000000000E+01
3.366475700E+01 3.630965600E+02 5.000000000E+01
3.368994500E+01 3.630838000E+02 5.000000000E+01
3.371513400E+01 3.629421400E+02 5.000000000E+01
3.374032200E+01 3.625411100E+02 5.000000000E+01
3.376551400E+01 3.625203900E+02 5.000000000E+01
3.379070300E+01 3.623700300E+02 5.000000000E+01
3.381589100E+01 3.618969400E+02 5.000000000E+01
3.384108000E+01 3.616772800E+02 5.000000000E+01
3.386626800E+01 3.613840900E+02 5.000000000E+01
3.389145700E+01 3.609642600E+02 5.000000000E+01
3.391664500E+01 3.609271900E+02 5.000000000E+01
3.394183300E+01 3.612510400E+02 5.000000000E+01
3.396702200E+01 3.613220200E+02 5.000000000E+01
3.399221000E+01 3.616030900E+02 5.000000000E+01
3.401739900E+01 3.610469400E+02 5.000000000E+01
3.404258700E+01 3.604273400E+02 5.000000000E+01
3.406778000E+01 3.595391800E+02 5.000000000E+01
3.409296800E+01 3.594069200E+02 5.000000000E+01
3.411815600E+01 3.599544100E+02 5.000000000E+01
3.414334500E+01 3.602256500E+02 5.000000000E+01
3.416853300E+01 3.603360000E+02 5.000000000E+01
3.419372200E+01 3.603327300E+02 5.000000000E+01
3.421891000E+01 3.604633800E+02 5.000000000E+01
3.424409900E+01 3.605760500E+02 5.000000000E+01
3.426928700E+01 3.605875200E+02 5.000000000E+01
3.429447600E+01 3.600780000E+02 5.000000000E+01
3.431966400E+01 3.599361000E+02 5.000000000E+01
3.434485200E+01 3.603342300E+02 5.000000000E+01
3.437004100E+01 3.609848900E+02 5.000000000E+01
3.439523300E+01 3.619255100E+02 5.000000000E+01
3.442042200E+01 3.624016400E+02 5.000000000E+01
3.444561000E+01 3.622294600E+02 5.000000000E+01
3.447079800E+01 3.615514800E+02 5.000000000E+01
3.449598700E+01 3.612732200E+02 5.000000000E+01
3.452117500E+01 3.607714500E+02 5.000000000E+01
3.454636400E+01 3.602193900E+02 5.000000000E+01
3.457155200E+01 3.597449300E+02 5.000000000E+01
3.459674100E+01 3.590847500E+02 5.000000000E+01
3.462192900E+01 3.590515400E+02 5.000000000E+01
3.464711800E+01 3.587772200E+02 5.000000000E+01
3.467230600E+01 3.582158800E+02 5.000000000E+01
3.469749500E+01 3.580286600E+02 5.000000000E+01
3.472268700E+01 3.585113200E+02 5.000000000E+01
3.474787500E+01 3.586482800E+02 5.000000000E+01
3.477306400E+01 3.584260600E+02 5.000000000E+01
3.479825200E+01 3.576668100E+02 5.000000000E+01
3.482344100E+01 3.573170800E+02 5.000000000E+01
3.484862900E+01 3.573120400E+02 5.000000000E+01
3.487381700E+01 3.582378500E+02 5.000000000E+01
3.489900600E+01 3.590397300E+02 5.000000000E+01
3.492419400E+01 3.582334000E+02 5.000000000E+01
3.494938300E+01 3.580744900E+02 5.000000000E+01
3.497457100E+01 3.577142300E+02 5.000000000E+01
3.499976000E+01 3.574800100E+02 5.000000000E+01
3.502494800E+01 3.576115700E+02 5.000000000E+01
3.505014000E+01 3.576347700E+02 5.000000000E+01
3.507532900E+01 3.576858800E+02 5.000000000E+01
3.510051700E+01 3.577438700E+02 5.000000000E+01
3.512570600E+01 3.570071100E+02 5.000000000E+01
3.515089400E+01 3.562835100E+02 5.000000000E+01
3.517608300E+01 3.564030200E+02 5.000000000E+01
3.520127100E+01 3.564996300E+02 5.000000000E+01
3.522646000E+01 3.565184900E+02 5.000000000E+01
3.525164800E+01 3.563396300E+02 5.000000000E+01
3.527683600E+01 3.563453100E+02 5.000000000E+01
3.530202500E+01 3.561452900E+02 5.000000000E+01
3.532721300E+01 3.568845500E+02 5.000000000E+01
3.535240600E+01 3.571332700E+02 5.000000000E+01
3.537759400E+01 3.578516200E+02 5.000000000E+01
3.540278200E+01 3.581928400E+02 5.000000000E+01
3.542797100E+01 3.585225800E+02 5.000000000E+01
3.545315900E+01 3.584043000E+02 5.000000000E+01
3.547834800E+01 3.583958400E+02 5.000000000E+01
3.550353600E+01 3.582047700E+02 5.000000000E+01
3.552872500E+01 3.582055400E+02 5.000000000E+01
3.555391300E+01 3.582114900E+02 5.000000000E+01
3.557910200E+01 3.580477900E+02 5.000000000E+01
3.560429000E+01 3.575427900E+02 5.000000000E+01
3.562947800E+01 3.574403700E+02 5.000000000E+01
3.565466700E+01 3.572078200E+02 5.000000000E+01
3.567985900E+01 3.580833700E+02 5.000000000E+01
3.570504800E+01 3.582053800E+02 5.000000000E+01
3.573023600E+01 3.586939400E+02 5.000000000E+01
3.575542400E+01 3.595145000E+02 5.000000000E+01
3.578061300E+01 3.587904100E+02 5.000000000E+01
3.580580100E+01 3.585501100E+02 5.000000000E+01
3.583099000E+01 3.588073700E+02 5.000000000E+01
3.585617800E+01 3.587901600E+02 5.000000000E+01
3.588136700E+01 3.591071200E+02 5.000000000E+01
3.590655500E+01 3.592811600E+02 5.000000000E+01
3.593174400E+01 3.596915600E+02 5.000000000E+01
3.595693200E+01 3.602188700E+02 5.000000000E+01
3.598212100E+01 3.598830900E+02 5.000000000E+01
3.600731300E+01 3.596619300E+02 5.000000000E+01
3.603250100E+01 3.591608600E+02 5.000000000E+01
3.605769000E+01 3.581500900E+02 5.000000000E+01
3.608287800E+01 3.580104100E+02 5.000000000E+01
3.610806700E+01 3.582656300E+02 5.000000000E+01
3.613325500E+01 3.577233600E+02 5.000000000E+01
3.615844300E+01 3.572321500E+02 5.000000000E+01
3.618363200E+01 3.576809700E+02 5.000000000E+01
3.620882000E+01 3.577273300E+02 5.000000000E+01
3.623400900E+01 3.578983500E+02 5.000000000E+01
3.625919700E+01 3.574770800E+02 5.000000000E+01
3.628438600E+01 3.564365200E+02 5.000000000E+01
3.630957400E+01 3.567329700E+02 5.000000000E+01
3.633476600E+01 3.572236600E+02 5.000000000E+01
3.635995500E+01 3.576817900E+02 5.000000000E+01
3.638514300E+01 3.577297700E+02 5.000000000E+01
3.641033200E+01 3.579214500E+02 5.000000000E+01
3.643552000E+01 3.583128700E+02 5.000000000E+01
3.646070900E+01 3.583979500E+02 5.000000000E+01
3.648589700E+01 3.586771200E+02 5.000000000E+01
3.651108600E+01 3.586580200E+02 5.000000000E+01
3.653627400E+01 3.584651800E+02 5.000000000E+01
3.656146200E+01 3.568656300E+02 5.000000000E+01
3.658665100E+01 3.573166200E+02 5.000000000E+01
3.661183900E+01 3.567522900E+02 5.000000000E+01
3.663702800E+01 3.571285100E+02 5.000000000E+01
3.666222000E+01 3.570956400E+02 5.000000000E+01
3.668740800E+01 3.570980800E+02 5.000000000E+01
